01000000100000000001100000000000
01000000100000001000000000000001
01000000100000001010000000001001
01000000100000001100000000001010
00110100000000000000000000000010
00110100000000000000000010000011
01011000110000001100000100000100
10110100000000000000010100000101
00100001011111111111111110000101
01000000100000000000000010000101
10100100000000000000010100000101
00100000011111111111111000000101
00110100000000000000010010000111
01011000100000011100001000000111
00100100000000000000010010000111
01000000100000000000000000000101
00100100000000000000010100000101
00011100000001000000000010000001
00011100000001000000010010001001
00011100101000000000010010000110
00100001011111111111100010000110
00000000000000000000000000000000
